              precision    recall  f1-score   support

        ENFJ       0.91      0.89      0.90       546
        ENFP       0.93      0.85      0.89       546
        ENTJ       0.91      0.89      0.90       547
        ENTP       0.93      0.87      0.90       547
        ESFJ       0.88      0.89      0.89       547
        ESFP       0.91      0.89      0.90       546
        ESTJ       0.92      0.93      0.92       547
        ESTP       0.88      0.91      0.89       547
        INFJ       0.93      0.89      0.91       547
        INFP       0.88      0.89      0.89       547
        INTJ       0.92      0.90      0.91       547
        INTP       0.90      0.88      0.89       547
        ISFJ       0.87      0.93      0.90       547
        ISFP       0.85      0.93      0.89       547
        ISTJ       0.92      0.95      0.93       547
        ISTP       0.86      0.91      0.88       547

    accuracy                           0.90      8749
   macro avg       0.90      0.90      0.90      8749
weighted avg       0.90      0.90      0.90      8749
